19.857142857143 RNBBQKCANR	19.857142857143	16	23 31 18 10 13 21 23
20.285714285714 RNBBCKNQAR	20.285714285714	14	22 19 14 32 17 21 17
23 RNQNCKABBR	23	87	20 5 22 13 37 29 35
23.428571428571 RBCNAKBNQR	23.428571428571	29	23 27 16 21 26 20 31
23.571428571429 RQNBAKCNBR	23.571428571429	79	12 17 39 17 37 22 21
25.142857142857 RNABCKQNBR	25.142857142857	47	29 16 32 31 22 23 23
27 RCANNKBBQR	27	144	24 30 37 36 12 36 14
27.571428571429 RQABNKBNCR	27.571428571429	101	25 24 38 32 18 22 34
27.714285714286 RBQANKNCBR	27.714285714286	127	29 32 30 42 23 24 14
28.428571428571 RQNBBKANCR	28.428571428571	180	44 18 15 33 21 29 39
29 RBBNQKNCAR	29	146	21 23 23 45 26 35 30
29.857142857143 RBBCNKNQAR	29.857142857143	230	27 48 18 38 25 36 17
30.714285714286 RBNQAKNCBR	30.714285714286	168	30 20 23 35 28 43 36
31.142857142857 RQABNKBCNR	31.142857142857	199	48 25 24 27 31 27 36
31.714285714286 RBNAQKBCNR	31.714285714286	263	41 38 38 23 25 15 42
31.714285714286 RNACNKBBQR	31.714285714286	166	19 27 37 37 35 36 31
32 RQBCNKABNR	32	295	20 27 39 51 28 39 20
32.428571428571 RQANCKBBNR	32.428571428571	237	25 35 26 27 31 51 32
32.571428571429 RBACNKBNQR	32.571428571429	224	47 39 24 29 33 31 25
33 RQNBNKACBR	33	310	19 48 28 45 26 27 38
33.571428571429 RQNBAKBCNR	33.571428571429	240	43 42 37 28 32 21 32
34 RBANQKBNCR	34	179	35 33 40 32 32 40 26
34.142857142857 RBNQCKANBR	34.142857142857	317	23 33 29 34 54 36 30
34.714285714286 RBBNCKNAQR	34.714285714286	319	38 30 28 43 35 21 48
35.142857142857 RBACQKBNNR	35.142857142857	335	39 33 49 31 32 42 20
35.285714285714 RBACNKBQNR	35.285714285714	406	55 46 26 27 24 26 43
35.285714285714 RNBBQKACNR	35.285714285714	414	27 40 21 34 47 55 23
35.857142857143 RBQCAKBNNR	35.857142857143	246	36 37 31 39 44 27 37
35.857142857143 RNQACKNBBR	35.857142857143	302	33 26 37 34 43 48 30
36.714285714286 RQBCAKNBNR	36.714285714286	325	38 42 33 29 34 50 31
37.142857142857 RQBNCKABNR	37.142857142857	410	52 51 36 25 36 30 30
37.428571428571 RAQCNKNBBR	37.428571428571	360	45 35 28 39 45 44 26
38.142857142857 RNBNAKQBCR	38.142857142857	381	25 48 45 43 31 34 41
38.857142857143 RANCNKBBQR	38.857142857143	532	35 29 61 33 57 21 36
39 RCQBAKBNNR	39	305	37 38 43 43 32 37 43
39.142857142857 RNBBAKNCQR	39.142857142857	370	41 49 32 38 45 38 31
39.857142857143 RBBQNKCANR	39.857142857143	605	29 57 43 69 46 15 20
40.857142857143 RNBNAKCBQR	40.857142857143	560	45 41 37 28 47 21 67
41.142857142857 RCNAQKBBNR	41.142857142857	511	30 39 46 50 58 30 35
41.285714285714 RCBBQKNANR	41.285714285714	431	45 49 45 40 46 35 29
41.285714285714 RQACBKNBNR	41.285714285714	439	47 31 48 51 35 39 38
41.714285714286 RBNCAKBQNR	41.714285714286	497	37 34 32 48 47 37 57
41.714285714286 RCNABKNBQR	41.714285714286	666	25 31 37 30 41 99 29
42.142857142857 RBBNCKANQR	42.142857142857	566	46 31 61 42 32 58 25
42.571428571429 RBNCAKQNBR	42.571428571429	514	47 33 32 35 46 50 55
42.571428571429 RCNANKQBBR	42.571428571429	473	38 38 52 48 50 35 37
43 RQBACKNBNR	43	529	39 37 60 51 45 30 39
43.428571428571 RANCBKNBQR	43.428571428571	527	42 44 41 37 32 46 62
44 RBBNQKANCR	44	494	37 37 45 49 43 42 55
44.142857142857 RBCAQKBNNR	44.142857142857	597	27 29 51 69 47 41 45
44.714285714286 RNBACKQBNR	44.714285714286	493	43 42 39 45 41 47 56
45.714285714286 RBCNBKQNAR	45.714285714286	524	44 46 46 55 50 45 34
46.428571428571 RCBQNKNBAR	46.428571428571	641	51 66 67 47 22 30 42
48.714285714286 RNQCAKBBNR	48.714285714286	659	29 42 66 60 51 66 27
52.571428571429 RBNCNKQABR	52.571428571429	670	39 47 35 81 61 54 51
56.285714285714 RABNQKCBNR	56.285714285714	681	37 42 68 63 74 56 54
60.142857142857 RBNCBKQANR	60.142857142857	682	50 57 64 49 77 69 55
63.285714285714 RNANBKQBCR	63.285714285714	690	61 51 53 67 76 71 64
64 RBNCBKAQNR	64	700	65 74 72 77 66 46 48
